nohup: ignoring input
initialize_allocated_means multi
ranges is  [[0.17287879 2.97637617]
 [0.15377281 3.19438196]
 [0.1610816  3.23276969]]
samples is  [[0.17287879 1.48818809]
 [0.15377281 1.59719098]
 [0.1610816  1.61638484]]
initialize done
niter 2000
thin 5
log_every 10
sample 1000.0
[[[1.48317341e-03 3.18788414e-03 1.24793089e-04]
  [1.13173334e-04 8.90853818e-04 1.36805403e-03]
  [1.88486459e-03 2.74625189e-03 4.09993469e-03]
  [5.10495165e-04 4.78576566e-04 1.59944219e-04]
  [1.15497453e-03 1.06933107e-03 1.98095529e-03]
  [1.02318475e-04 6.88710851e-04 8.70079914e-04]
  [2.76487684e-04 1.85156058e-04 1.96312330e-03]
  [6.03180237e-05 6.36050476e-04 1.23110453e-04]
  [6.10754181e-04 3.91014109e-03 5.51137945e-04]]

 [[1.94578458e-03 1.24787520e-04 3.16427391e-04]
  [5.17166922e-04 5.10512573e-04 1.11286380e-03]
  [4.22689796e-04 1.25094865e-03 1.01939518e-03]
  [5.09428509e-04 5.65211639e-04 9.53285943e-04]
  [7.26160596e-05 1.72825939e-03 1.05964496e-03]
  [1.29587782e-03 7.69861934e-04 1.17070040e-04]
  [5.19253730e-04 5.19821941e-04 3.87197467e-04]
  [3.04079974e-05 1.33656842e-03 1.16291664e-04]
  [9.32186739e-04 1.21475572e-03 1.00727268e-03]]

 [[3.19765881e-03 1.09031864e-04 2.01866378e-03]
  [2.96247463e-05 7.65539083e-04 5.17923450e-04]
  [7.42723761e-04 4.54287579e-04 2.11421171e-04]
  [1.93081050e-05 7.30122030e-04 1.85008923e-03]
  [4.67153225e-04 2.52139678e-04 8.39600408e-05]
  [8.91710781e-05 2.50253280e-04 1.05376139e-04]
  [3.07938793e-04 6.84388772e-05 6.78558758e-05]
  [1.93986174e-03 1.76880698e-04 8.20259007e-04]
  [1.48481408e-03 6.09559193e-04 1.66490190e-04]]]
iteration 0
sample 1000.0
[[[1.60290554e-03 2.56988351e-03 3.55466595e-04]
  [4.91683537e-04 6.66061505e-04 8.87099620e-04]
  [4.12607239e-03 1.19511300e-03 4.93556444e-04]
  [3.06209567e-04 2.89364002e-03 1.45660000e-04]
  [1.27391560e-03 2.59554809e-03 1.09262700e-03]
  [5.50007367e-04 2.21883021e-04 4.58036043e-04]
  [1.22714526e-03 1.04849222e-03 2.63075820e-03]
  [2.01636094e-03 1.69363916e-03 2.42419780e-03]
  [3.23429676e-04 4.61279460e-04 4.77864693e-04]]

 [[8.22005142e-04 1.10327784e-03 3.37876579e-04]
  [1.96543549e-05 5.09530436e-04 3.68932562e-04]
  [2.85050216e-03 2.19162565e-03 1.96833445e-03]
  [1.05842981e-03 4.22035387e-04 7.95953777e-04]
  [1.68861663e-03 1.03817672e-04 1.61482681e-03]
  [4.20516996e-05 1.69511036e-03 1.64799063e-03]
  [5.23541820e-05 9.86607814e-04 6.98065404e-04]
  [1.86112136e-04 1.60613614e-04 1.48394744e-03]
  [8.38618714e-04 4.07449105e-03 4.03124455e-03]]

 [[4.91536968e-03 1.26261333e-04 2.78476069e-03]
  [2.80467638e-04 6.12880977e-04 1.41636831e-03]
  [2.27679991e-04 8.35428988e-04 2.05569813e-04]
  [1.10636751e-04 1.23930331e-04 4.42604882e-04]
  [4.66570433e-06 5.53131220e-04 1.09123091e-03]
  [5.13643231e-04 8.97000069e-05 6.47399943e-05]
  [3.25891528e-04 1.85501837e-04 3.35512443e-03]
  [1.63967301e-04 1.63713001e-03 8.82150068e-04]
  [8.42313118e-04 7.17605288e-04 3.56712480e-03]]]
iteration 1
sample 1000.0
[[[1.59714558e-03 1.65051692e-03 2.61757764e-03]
  [1.22802088e-04 2.44978933e-04 1.35828352e-03]
  [2.18156948e-04 3.37333973e-04 1.82411457e-04]
  [1.89583887e-04 6.56918158e-04 1.16177770e-04]
  [3.88162100e-04 5.56161104e-04 2.48544451e-05]
  [4.91567534e-04 9.88511212e-05 6.80386014e-04]
  [1.74719645e-03 1.70607086e-03 8.38692447e-05]
  [9.19364846e-04 1.79930617e-03 2.71772691e-04]
  [1.43517588e-03 2.21424777e-03 1.64053728e-03]]

 [[1.13505856e-04 9.10129091e-06 2.12851831e-04]
  [3.15364850e-04 9.57589378e-04 4.84951880e-04]
  [1.21539455e-03 4.35524850e-04 1.67738912e-04]
  [3.74969624e-04 2.15696406e-03 3.18284154e-03]
  [2.32578842e-04 1.55338082e-03 3.19308609e-04]
  [2.18153224e-03 1.80977196e-04 1.09649429e-03]
  [8.79695792e-05 3.64556421e-03 1.20608618e-03]
  [1.84399472e-03 8.36254192e-04 6.47794086e-04]
  [9.72549998e-04 7.52348528e-04 6.33717352e-04]]

 [[1.42482836e-03 1.96259385e-04 1.87742682e-04]
  [5.65356875e-04 3.86762963e-04 7.70155220e-05]
  [1.86091981e-03 1.47666909e-03 7.85090335e-04]
  [3.87880766e-03 7.53703788e-05 1.45529852e-03]
  [3.09750998e-04 4.59813992e-04 2.47537921e-04]
  [1.55607674e-03 1.55765435e-04 1.83268583e-03]
  [1.08346060e-03 6.08368424e-05 1.66591161e-03]
  [9.88204963e-04 2.35369229e-03 1.38119660e-03]
  [8.23531365e-04 1.81123090e-03 3.25799725e-04]]]
iteration 2
sample 1000.0
[[[1.48481023e-03 5.21334814e-04 3.29937816e-03]
  [3.33396267e-04 3.05274286e-04 4.05726236e-04]
  [8.49373049e-04 2.25255513e-03 1.93926604e-04]
  [3.28058052e-04 8.71508214e-04 6.05748656e-04]
  [5.92981331e-04 1.71888600e-03 2.57542194e-03]
  [6.56443028e-04 1.16267667e-03 1.61474553e-03]
  [7.30571642e-04 3.48588313e-04 1.01634479e-03]
  [8.79739686e-04 2.31833670e-03 5.38302326e-05]
  [2.40940653e-03 7.64497174e-04 1.58002857e-05]]

 [[4.22665458e-04 1.28856371e-03 6.70276887e-04]
  [3.92000666e-03 5.49237459e-04 3.95468090e-04]
  [1.72413036e-03 7.93866703e-04 1.14673140e-03]
  [1.63836396e-03 1.11299791e-03 5.48886667e-04]
  [1.33298789e-04 8.68091615e-04 2.27724222e-03]
  [5.42819387e-04 2.41603642e-03 7.00227829e-04]
  [9.69801120e-04 1.78969246e-03 8.31483492e-04]
  [9.53764552e-05 3.96223272e-03 2.82163066e-04]
  [1.23961839e-03 7.03426712e-04 6.51568935e-04]]

 [[2.79635624e-04 1.28067664e-03 1.19671616e-04]
  [4.65156071e-03 1.86674299e-03 7.64662388e-04]
  [5.52608073e-04 3.37523274e-04 6.96335199e-04]
  [2.11542080e-03 3.21592453e-04 6.94222676e-04]
  [2.67291255e-04 4.11205222e-04 2.11042699e-04]
  [4.66059769e-03 8.47458582e-04 1.31981444e-03]
  [1.03417863e-04 4.55891752e-04 2.23156577e-03]
  [8.82175511e-05 1.80902438e-04 9.81943501e-04]
  [9.74950551e-04 1.82156144e-03 2.74097787e-03]]]
